111
01011
1101
0001
0001
1101
11000
0011
0010
0011
0001
110011
111
010001
0000
1101
111
0010
0011
111
01011
1101
010001
1000
10010
01110
111
01011
1101
0001
0001
1101
11000
0011
0010
0011
0001
110011
111
111
10100
1101
101010
10010
01110
0000
0011
0010
0001
01001
111
10010
1011
0110
110011
01001
10011
111
111
0111101
1000
0110
011111
111
01010
1101
10010
1011
111
0110
1000
0000
111
111
0001
11000
1011
101010
01110
111
01011
1101
0001
0001
1101
11000
0011
0010
0011
0001
110011
111
0000
1011
10011
111
10010
1011
0000
01110
11001011
10011
01110
111
11000
1000
11001011
0011
0010
1011
111
01011
11000
1101
10100
1000
01010
1011
0000
110011
111
0110
01110
111
01011
1101
10100
101010
01010
1101
11000
0011
0010
0011
111
10010
1011
0010
1101
0001
0000
110011
111
0011
111
010001
1000
1100100
1101
111
0000
1011
10011
111
01010
1011
111
0110
1011
111
10011
11000
1011
0001
0110
011111
1010111
111
0001
10100
1000
0000
111
01011
1101
11001011
1000
0010
01001
111
10011
0011
10100
0110
01110
0010
111
0000
11000
01110
01010
0110
1101
1000
111
110010100
0000
1101
111
01010
1000
0010
1101
111
111
0111101
0011
0000
110011
111
10100
111
1100100
0010
01110
010000
0011
0110
1000
111
0011
111
010000
011111
0000
110011
111
0111101
1000
0110
1011
0000
011111
10010
111
010001
1000
0010
1101
10100
1000
10011
1101
10010
111
0110
01110
111
10011
1011
10011
1011
01001
111
10011
111
010001
1000
11000
0000
01110
111
0011
101010
10010
1000
0110
1011
111
111
101010
1011
1100100
0010
01001
0110
01110
0000
110011
111
10100
111
10100
0011
11000
0000
01110
1011
0010
110011
0110
011111
1010111
111
01011
01110
010000
0010
0011
010001
0110
011111
1010111
111
01010
1101
10010
0000
1011
10010
111
0111101
1000
111
10100
0001
1000
111
111
0110
1000
0110
1011
0001
0000
1101
01001
110010101
1000
1000
