111
001111
1101
01111
01111
1101
01101
1001
1000
1001
01111
00101
111
000110
01110
1101
111
1000
1001
111
001111
1101
000110
1011
01010
0100
111
001111
1101
01111
01111
1101
01101
1001
1000
1001
01111
00101
111
111
01100
1101
00100
01010
0100
01110
1001
1000
01111
00110
111
01010
1100
1010
00101
00110
01011
111
111
000010
1011
1010
000111
111
001110
1101
01010
1100
111
1010
1011
01110
111
111
01111
01101
1100
00100
0100
111
001111
1101
01111
01111
1101
01101
1001
1000
1001
01111
00101
111
01110
1100
01011
111
01010
1100
01110
0100
0000011
01011
0100
111
01101
1011
0000011
1001
1000
1100
111
001111
01101
1101
01100
1011
001110
1100
01110
00101
111
1010
0100
111
001111
1101
01100
00100
001110
1101
01101
1001
1000
1001
111
01010
1100
1000
1101
01111
01110
00101
111
1001
111
000110
1011
000100
1101
111
01110
1100
01011
111
001110
1100
111
1010
1100
111
01011
01101
1100
01111
1010
000111
0000111
111
01111
01100
1011
01110
111
001111
1101
0000011
1011
1000
00110
111
01011
1001
01100
1010
0100
1000
111
01110
01101
0100
001110
1010
1101
1011
111
00000010
01110
1101
111
001110
1011
1000
1101
111
111
000010
1001
01110
00101
111
01100
111
000100
1000
0100
000101
1001
1010
1011
111
1001
111
000101
000111
01110
00101
111
000010
1011
1010
1100
01110
000111
01010
111
000110
1011
1000
1101
01100
1011
01011
1101
01010
111
1010
0100
111
01011
1100
01011
1100
00110
111
01011
111
000110
1011
01101
01110
0100
111
1001
00100
01010
1011
1010
1100
111
111
00100
1100
000100
1000
00110
1010
0100
01110
00101
111
01100
111
01100
1001
01101
01110
0100
1100
1000
00101
1010
000111
0000111
111
001111
0100
000101
1000
1001
000110
1010
000111
0000111
111
001110
1101
01010
01110
1100
01010
111
000010
1011
111
01100
01111
1011
111
111
1010
1011
1010
1100
01111
01110
1101
00110
00000011
1011
1011
